0
0.592466
-0.6872
0.286076
0.808658
-0.58258
-0.0638663
0.90174
-0.389268
-0.404086
0.857539
-0.136693
-0.682787
0.682787
0.136693
-0.857539
0.404086
0.389268
-0.90174
0.0638663
0.58258
-0.808658
-0.286076
0.6872
-0.592466
-0.592466
0.6872
-0.286076
-0.808658
0.58258
0.0638663
-0.90174
0.389268
0.404086
-0.857539
0.136693
0.682787
-0.682787
-0.136693
0.857539
-0.404086
-0.389268
0.90174
-0.0638663
-0.58258
0.808658
0.286076
-0.6872
0.592466
0.592466
-0.6872
0.286076
0.808658
-0.58258
-0.0638663
0.90174
-0.389268
-0.404086
0.857539
-0.136693
-0.682787
0.682787
0.136693
-0.857539
0.404086
0.389268
-0.90174
0.0638663
0.58258
-0.808658
-0.286076
0.6872
-0.592466
-0.592466
0.6872
-0.286076
-0.808658
0.58258
0.0638663
-0.90174
0.389268
0.404086
-0.857539
0.136693
0.682787
-0.682787
-0.136693
0.857539
-0.404086
-0.389268
0.90174
-0.0638663
-0.58258
0.808658
0.286076
-0.6872
0.592466
0.592466
-0.6872
0.286076
0.808658
-0.58258
-0.0638663
0.90174
-0.389268
-0.404086
0.857539
-0.136693
-0.682787
0.682787
0.136693
-0.857539
0.404086
0.389268
-0.90174
0.0638663
0.58258
-0.808658
-0.286076
0.6872
-0.592466
-0.592466
0.6872
-0.286076
-0.808658
0.58258
0.0638663
-0.90174
0.389268
0.404086
-0.857539
0.136693
0.682787
-0.682787
-0.136693
0.857539
-0.404086
-0.389268
0.90174
-0.0638663
-0.58258
0.808658
0.286076
-0.6872
0.592466
0.592466
-0.6872
0.286076
0.808658
-0.58258
-0.0638663
0.90174
-0.389268
-0.404086
0.857539
-0.136693
-0.682787
0.682787
0.136693
-0.857539
0.404086
0.389268
-0.90174
0.0638663
0.58258
-0.808658
-0.286076
0.6872
-0.592466
-0.592466
0.6872
-0.286076
-0.808658
0.58258
0.0638663
-0.90174
0.389268
0.404086
-0.857539
0.136693
0.682787
-0.682787
-0.136693
0.857539
-0.404086
-0.389268
0.90174
-0.0638663
-0.58258
0.808658
0.286076
-0.6872
0.592466
0.592466
-0.6872
0.286076
0.808658
-0.58258
-0.0638663
0.90174
-0.389268
-0.404086
0.857539
-0.136693
-0.682787
0.682787
0.136693
-0.857539
0.404086
0.389268
-0.90174
0.0638663
0.58258
-0.808658
-0.286076
0.6872
-0.592466
-0.592466
0.6872
-0.286076
-0.808658
0.58258
0.0638663
-0.90174
0.389268
0.404086
-0.857539
0.136693
0.682787
-0.682787
-0.136693
0.857539
-0.404086
-0.389268
0.90174
-0.0638663
-0.58258
0.808658
0.286076
-0.6872
0.592466
0.592466
-0.6872
0.286076
0.808658
-0.58258
-0.0638663
0.90174
-0.389268
-0.404086
0.857539
-0.136693
-0.682787
0.682787
0.136693
-0.857539
0.404086
0.389268
-0.90174
0.0638663
0.58258
-0.808658
-0.286076
0.6872
-0.592466
-0.592466
0.6872
-0.286076
-0.808658
0.58258
0.0638663
-0.90174
0.389268
0.404086
-0.857539
0.136693
0.682787
-0.682787
-0.136693
0.857539
-0.404086
-0.389268
0.90174
-0.0638663
-0.58258
0.808658
0.286076
-0.6872
0.592466
0.592466
-0.6872
0.286076
0.808658
-0.58258
-0.0638663
0.90174
-0.389268
-0.404086
0.857539
-0.136693
-0.682787
0.682787
0.136693
-0.857539
0.404086
0.389268
-0.90174
0.0638663
0.58258
-0.808658
-0.286076
0.6872
-0.592466
-0.592466
0.6872
-0.286076
-0.808658
0.58258
0.0638663
-0.90174
