0
0.592466
0.497732
0.689073
1.68907
2.10649
2.46005
3.71534
4.58136
5.0433
6.36278
7.54557
8.04557
9.22836
10.5478
11.0098
11.8758
13.1311
13.4846
13.9021
14.9021
15.0934
14.9987
15.5911
15.5911
14.9987
15.0934
14.9021
13.9021
13.4846
13.1311
11.8758
11.0098
10.5478
9.22836
8.04557
7.54557
6.36278
5.0433
4.58136
3.71534
2.46005
2.10649
1.68907
0.689073
0.497732
0.592466
0
0
0.592466
0.497732
0.689073
1.68907
2.10649
2.46005
3.71534
4.58136
5.0433
6.36278
7.54557
8.04557
9.22836
10.5478
11.0098
11.8758
13.1311
13.4846
13.9021
14.9021
15.0934
14.9987
15.5911
15.5911
14.9987
15.0934
14.9021
13.9021
13.4846
13.1311
11.8758
11.0098
10.5478
9.22836
8.04557
7.54557
6.36278
5.0433
4.58136
3.71534
2.46005
2.10649
1.68907
0.689073
0.497732
0.592466
0
0
0.592466
0.497732
0.689073
1.68907
2.10649
2.46005
3.71534
4.58136
5.0433
6.36278
7.54557
8.04557
9.22836
10.5478
11.0098
11.8758
13.1311
13.4846
13.9021
14.9021
15.0934
14.9987
15.5911
15.5911
14.9987
15.0934
14.9021
13.9021
13.4846
13.1311
11.8758
11.0098
10.5478
9.22836
8.04557
7.54557
6.36278
5.0433
4.58136
3.71534
2.46005
2.10649
1.68907
0.689073
0.497732
0.592466
0
0
0.592466
0.497732
0.689073
1.68907
2.10649
2.46005
3.71534
4.58136
5.0433
6.36278
7.54557
8.04557
9.22836
10.5478
11.0098
11.8758
13.1311
13.4846
13.9021
14.9021
15.0934
14.9987
15.5911
15.5911
14.9987
15.0934
14.9021
13.9021
13.4846
13.1311
11.8758
11.0098
10.5478
9.22836
8.04557
7.54557
6.36278
5.0433
4.58136
3.71534
2.46005
2.10649
1.68907
0.689073
0.497732
0.592466
0
0
0.592466
0.497732
0.689073
1.68907
2.10649
2.46005
3.71534
4.58136
5.0433
6.36278
7.54557
8.04557
9.22836
10.5478
11.0098
11.8758
13.1311
13.4846
13.9021
14.9021
15.0934
14.9987
15.5911
15.5911
14.9987
15.0934
14.9021
13.9021
13.4846
13.1311
11.8758
11.0098
10.5478
9.22836
8.04557
7.54557
6.36278
5.0433
4.58136
3.71534
2.46005
2.10649
1.68907
0.689073
0.497732
0.592466
0
0
0.592466
0.497732
0.689073
1.68907
2.10649
2.46005
3.71534
4.58136
5.0433
6.36278
7.54557
8.04557
9.22836
10.5478
11.0098
11.8758
13.1311
13.4846
13.9021
14.9021
15.0934
14.9987
15.5911
15.5911
14.9987
15.0934
14.9021
13.9021
13.4846
13.1311
11.8758
11.0098
10.5478
9.22836
8.04557
7.54557
6.36278
5.0433
4.58136
3.71534
2.46005
2.10649
1.68907
0.689073
0.497732
0.592466
0
0
0.592466
0.497732
0.689073
1.68907
2.10649
2.46005
3.71534
4.58136
5.0433
6.36278
7.54557
8.04557
9.22836
10.5478
11.0098
11.8758
13.1311
13.4846
13.9021
14.9021
15.0934
14.9987
15.5911
15.5911
14.9987
15.0934
14.9021
13.9021
13.4846
13.1311
11.8758
