0
-0.00107978
-0.000768139
-0.000198293
6.44313e-005
0.00208543
0.00368919
0.00158559
-0.00262808
-0.00759077
-0.0119391
-0.0086666
0.00889812
0.0430539
0.0974469
0.174041
0.268142
0.374772
0.489336
0.602415
0.705874
0.796835
0.87159
0.927788
0.968218
0.993467
1.00121
0.992586
0.968154
0.925703
0.867901
0.795249
0.708502
0.610006
0.501275
0.383439
0.259244
0.130987
0
-0.130987
-0.259244
-0.383439
-0.501275
-0.610006
-0.708502
-0.795249
-0.867901
-0.925703
-0.968154
-0.993666
-1.00197
-0.993666
-0.968154
-0.925703
-0.867901
-0.795249
-0.708502
-0.610006
-0.501275
-0.383439
-0.259244
-0.130987
0
0.130987
0.259244
0.383439
0.501275
0.610006
0.708502
0.795249
0.867901
0.925703
0.968154
0.993666
1.00197
0.993666
0.968154
0.925703
0.867901
0.795249
0.708502
0.610006
0.501275
0.383439
0.259244
0.130987
0
-0.130987
-0.259244
-0.383439
-0.501275
-0.610006
-0.708502
-0.795249
-0.867901
-0.925703
-0.968154
-0.993666
-1.00197
-0.993666
-0.968154
-0.925703
-0.867901
-0.795249
-0.708502
-0.610006
-0.501275
-0.383439
-0.259244
-0.130987
0
0.130987
0.259244
0.383439
0.501275
0.610006
0.708502
0.795249
0.867901
0.925703
0.968154
0.993666
1.00197
0.993666
0.968154
0.925703
0.867901
0.795249
0.708502
0.610006
0.501275
0.383439
0.259244
0.130987
0
-0.130987
-0.259244
-0.383439
-0.501275
-0.610006
-0.708502
-0.795249
-0.867901
-0.925703
-0.968154
-0.993666
-1.00197
-0.993666
-0.968154
-0.925703
-0.867901
-0.795249
-0.708502
-0.610006
-0.501275
-0.383439
-0.259244
-0.130987
0
0.130987
0.259244
0.383439
0.501275
0.610006
0.708502
0.795249
0.867901
0.925703
0.968154
0.993666
1.00197
0.993666
0.968154
0.925703
0.867901
0.795249
0.708502
0.610006
0.501275
0.383439
0.259244
0.130987
0
-0.130987
-0.259244
-0.383439
-0.501275
-0.610006
-0.708502
-0.795249
-0.867901
-0.925703
-0.968154
-0.993666
-1.00197
-0.993666
-0.968154
-0.925703
-0.867901
-0.795249
-0.708502
-0.610006
-0.501275
-0.383439
-0.259244
-0.130987
0
0.130987
0.259244
0.383439
0.501275
0.610006
0.708502
0.795249
0.867901
0.925703
0.968154
0.993666
1.00197
0.993666
0.968154
0.925703
0.867901
0.795249
0.708502
0.610006
0.501275
0.383439
0.259244
0.130987
0
-0.130987
-0.259244
-0.383439
-0.501275
-0.610006
-0.708502
-0.795249
-0.867901
-0.925703
-0.968154
-0.993666
-1.00197
-0.993666
-0.968154
-0.925703
-0.867901
-0.795249
-0.708502
-0.610006
-0.501275
-0.383439
-0.259244
-0.130987
0
0.130987
0.259244
0.383439
0.501275
0.610006
0.708502
0.795249
0.867901
0.925703
0.968154
0.993666
1.00197
0.993666
0.968154
0.925703
0.867901
0.795249
0.708502
0.610006
0.501275
0.383439
0.259244
0.130987
0
-0.130987
-0.259244
-0.383439
-0.501275
-0.610006
-0.708502
-0.795249
-0.867901
-0.925703
-0.968154
-0.993666
-1.00197
-0.993666
-0.968154
-0.925703
-0.867901
-0.795249
-0.708502
-0.610006
-0.501275
-0.383439
-0.259244
-0.130987
0
0.130987
0.259244
0.383439
0.501275
0.610006
0.708502
0.795249
0.867901
0.925703
0.968154
0.993666
1.00197
0.993666
0.968154
0.925703
0.867901
0.795249
0.706924
0.607789
0.498137
0.38239
0.265156
0.144034
0.0146865
-0.126335
-0.280662
-0.436025
-0.562502
-0.627673
-0.609463
-0.505771
-0.344734
-0.174645
-0.0384864
0.0392705
0.0573839
0.0382092
0.0104364
-0.00915513
-0.0149754
-0.00950773
-0.00215641
0.00132217
0.00263768
0.0022878
0
