0
0
0
0
0
0.458482
0.578435
0.6321
0.686167
0.776299
0.805342
0.809389
0.855978
0.855978
0.809389
0.805342
0.776299
0.686167
0.6321
0.578435
0.458482
0.362627
0.29251
0.160998
0.0379472
-0.0379472
-0.160998
-0.29251
-0.362627
-0.458482
-0.578435
-0.6321
-0.686167
-0.776299
-0.805342
-0.809389
-0.855978
-0.855978
-0.809389
-0.805342
-0.776299
-0.686167
-0.6321
-0.578435
-0.458482
-0.362627
-0.29251
-0.160998
-0.0379472
0.0379472
0.160998
0.29251
0.362627
0.458482
0.578435
0.6321
0.686167
0.776299
0.805342
0.809389
0.855978
0.855978
0.809389
0.805342
0.776299
0.686167
0.6321
0.578435
0.458482
0.362627
0.29251
0.160998
0.0379472
-0.0379472
-0.160998
-0.29251
-0.362627
-0.458482
-0.578435
-0.6321
-0.686167
-0.776299
-0.805342
-0.809389
-0.855978
-0.855978
-0.809389
-0.805342
-0.776299
-0.686167
-0.6321
-0.578435
-0.458482
-0.362627
-0.29251
-0.160998
-0.0379472
0.0379472
0.160998
0.29251
0.362627
0.458482
0.578435
0.6321
0.686167
0.776299
0.805342
0.809389
0.855978
0.855978
0.809389
0.805342
0.776299
0.686167
0.6321
0.578435
0.458482
0.362627
0.29251
0.160998
0.0379472
-0.0379472
-0.160998
-0.29251
-0.362627
-0.458482
-0.578435
-0.6321
-0.686167
-0.776299
-0.805342
-0.809389
-0.855978
-0.855978
-0.809389
-0.805342
-0.776299
-0.686167
-0.6321
-0.578435
-0.458482
-0.362627
-0.29251
-0.160998
-0.0379472
0.0379472
0.160998
0.29251
0.362627
0.458482
0.578435
0.6321
0.686167
0.776299
0.805342
0.809389
0.855978
0.855978
0.809389
0.805342
0.776299
0.686167
0.6321
0.578435
0.458482
0.362627
0.29251
0.160998
0.0379472
-0.0379472
-0.160998
-0.29251
-0.362627
-0.458482
-0.578435
-0.6321
-0.686167
-0.776299
-0.805342
-0.809389
-0.855978
-0.855978
-0.809389
-0.805342
-0.776299
-0.686167
-0.6321
-0.578435
-0.458482
-0.362627
-0.29251
-0.160998
-0.0379472
0.0379472
0.160998
0.29251
0.362627
0.458482
0.578435
0.6321
0.686167
0.776299
0.805342
0.809389
0.855978
0.855978
0.809389
0.805342
0.776299
0.686167
0.6321
0.578435
0.458482
0.362627
0.29251
0.160998
0.0379472
-0.0379472
-0.160998
-0.29251
-0.362627
-0.458482
-0.578435
-0.6321
-0.686167
-0.776299
-0.805342
-0.809389
-0.855978
-0.855978
-0.809389
-0.805342
-0.776299
-0.686167
-0.6321
-0.578435
-0.458482
-0.362627
-0.29251
-0.160998
-0.0379472
0.0379472
0.160998
0.29251
0.362627
0.458482
0.578435
0.6321
0.686167
0.776299
0.805342
0.809389
0.855978
0.855978
0.809389
0.805342
0.776299
0.686167
0.6321
0.578435
0.458482
0.362627
0.29251
0.160998
0.0379472
-0.0379472
-0.160998
-0.29251
-0.362627
-0.458482
-0.578435
-0.6321
-0.686167
-0.776299
-0.805342
-0.809389
-0.855978
-0.855978
-0.809389
-0.805342
-0.776299
-0.686167
-0.6321
-0.578435
-0.458482
-0.362627
-0.29251
-0.160998
-0.0379472
0.0379472
0.160998
0.29251
0.362627
0.458482
0.578435
0.6321
0.686167
0.776299
0.805342
0.809389
0.855978
0.855978
0.809389
0.805342
0.776299
0.686167
0.6321
0.578435
0.458482
0.362627
0.29251
0.160998
0.0379472
-0.0379472
0
0
0
0
0
0
