0
0.0010593
0.0021186
0.003178
0.0042373
0.0052966
0.0063559
0.0074153
0.0084746
0.045198
0.081921
0.11864
0.15537
0.19209
0.22881
0.26554
0.30226
0.33898
0.30226
0.26554
0.22881
0.19209
0.15537
0.11864
0.081921
0.045198
0.0084746
0.0077684
0.0070621
0.0063559
0.0056497
0.0049435
0.0042373
0.0035311
0.0028249
0.0021186
0.0014124
0.00070621
0
-0.096045
-0.19209
-0.28814
-0.073446
0.14124
0.35593
0.57062
0.78531
1
0.73729
0.47458
0.21186
-0.050847
-0.31356
-0.57627
-0.83898
-0.55932
-0.27966
0
0.00073692
0.0014738
0.0022108
0.0029477
0.0036846
0.0044215
0.0051584
0.0058954
0.0066323
0.0073692
0.0081061
0.008843
0.00958
0.010317
0.011054
0.011791
0.012528
0.013265
0.014001
0.014738
0.015475
0.016212
0.016949
0.03484
0.052731
0.070621
0.088512
0.1064
0.12429
0.14218
0.16008
0.17797
0.16186
0.14576
0.12966
0.11356
0.097458
0.081356
0.065254
0.049153
0.033051
0.016949
0.013559
0.010169
0.0067797
0.0033898
0
0
0
0
0
0
0
0
0
0
0
0
0
0
0
0
0
0
0
0
0
0
0
0
0
0.0010593
0.0021186
0.003178
0.0042373
0.0052966
0.0063559
0.0074153
0.0084746
0.045198
0.081921
0.11864
0.15537
0.19209
0.22881
0.26554
0.30226
0.33898
0.30226
0.26554
0.22881
0.19209
0.15537
0.11864
0.081921
0.045198
0.0084746
0.0077684
0.0070621
0.0063559
0.0056497
0.0049435
0.0042373
0.0035311
0.0028249
0.0021186
0.0014124
0.00070621
0
-0.096045
-0.19209
-0.28814
-0.073446
0.14124
0.35593
0.57062
0.78531
1
0.73729
0.47458
0.21186
-0.050847
-0.31356
-0.57627
-0.83898
-0.55932
-0.27966
0
0.00073692
0.0014738
0.0022108
0.0029477
0.0036846
0.0044215
0.0051584
0.0058954
0.0066323
0.0073692
0.0081061
0.008843
0.00958
0.010317
0.011054
0.011791
0.012528
0.013265
0.014001
0.014738
0.015475
0.016212
0.016949
0.03484
0.052731
0.070621
0.088512
0.1064
0.12429
0.14218
0.16008
0.17797
0.16186
0.14576
0.12966
0.11356
0.097458
0.081356
0.065254
0.049153
0.033051
0.016949
0.013559
0.010169
0.0067797
0.0033898
0
0
0
0
0
0
0
0
0
0
0
0
0
0
0
0
0
0
0
0
0
0
0
0
0
0.0010593
0.0021186
0.003178
0.0042373
0.0052966
0.0063559
0.0074153
0.0084746
0.045198
0.081921
0.11864
0.15537
0.19209
0.22881
0.26554
0.30226
0.33898
0.30226
0.26554
0.22881
0.19209
0.15537
0.11864
0.081921
0.045198
0.0084746
0.0077684
0.0070621
0.0063559
0.0056497
0.0049435
0.0042373
0.0035311
0.0028249
0.0021186
0.0014124
0.00070621
0
-0.096045
-0.19209
-0.28814
-0.073446
0.14124
0.35593
0.57062
0.78531
1
0.73729
0.47458
0.21186
-0.050847
-0.31356
-0.57627
-0.83898
-0.55932
-0.27966
0
0.00073692
0.0014738
0.0022108
0.0029477
0.0036846
0.0044215
0.0051584
0.0058954
0.0066323
0.0073692
0.0081061
0.008843
0.00958
0.010317
0.011054
0.011791
0.012528
0.013265
0.014001
0.014738
0.015475
0.016212
0.016949
0.03484
0.052731
0.070621
0.088512
0.1064
0.12429
0.14218
0.16008
0.17797
0.16186
0.14576
0.12966
0.11356
0.097458
0.081356
0.065254
0.049153
0.033051
0.016949
0.013559
0.010169
0.0067797
0.0033898
0
0
0
0
0
0
0
0
0
0
0
0
0
0
0
0
0
0
0
0
0
0
0
0
0
0.0010593
0.0021186
0.003178
0.0042373
0.0052966
0.0063559
0.0074153
0.0084746
0.045198
0.081921
0.11864
0.15537
0.19209
0.22881
0.26554
0.30226
0.33898
0.30226
0.26554
0.22881
0.19209
0.15537
0.11864
0.081921

0.045198
0.0084746
0.0077684
0.0070621
0.0063559
0.0056497
0.0049435
0.0042373
0.0035311
0.0028249
0.0021186
0.0014124
0.00070621
0
-0.096045
-0.19209
-0.28814
-0.073446
0.14124
0.35593
0.57062
0.78531
1
0.73729
0.47458
0.21186
-0.050847
-0.31356
-0.57627
-0.83898
-0.55932
-0.27966
0
0.00073692
0.0014738
0.0022108
0.0029477
0.0036846
0.0044215
0.0051584
0.0058954
0.0066323
0.0073692
0.0081061
0.008843
0.00958
0.010317
0.011054
0.011791
0.012528
0.013265
0.014001
0.014738
0.015475
0.016212
0.016949
0.03484
0.052731
0.070621
0.088512
0.1064
0.12429
0.14218
0.16008
0.17797
0.16186
0.14576
0.12966
0.11356
0.097458
0.081356
0.065254
0.049153
0.033051
0.016949
0.013559
0.010169
0.0067797
0.0033898
0
0
0
0
0
0
0
0
0
0
0
0
0
0
0
0
0
0
0
0
0
0
0
0
0
0.0010593
0.0021186
0.003178
0.0042373
0.0052966
0.0063559
0.0074153
0.0084746
0.045198
0.081921
0.11864
0.15537
0.19209
0.22881
0.26554
0.30226
0.33898
0.30226
0.26554
0.22881
0.19209
0.15537
0.11864
0.081921
0.045198
0.0084746
0.0077684
0.0070621
0.0063559
0.0056497
0.0049435
0.0042373
0.0035311
0.0028249
0.0021186
0.0014124
0.00070621
0
-0.096045
-0.19209
-0.28814
-0.073446
0.14124
0.35593
0.57062
0.78531
1
0.73729
0.47458
0.21186
-0.050847
-0.31356
-0.57627
-0.83898
-0.55932
-0.27966
0
0.00073692
0.0014738
0.0022108
0.0029477
0.0036846
0.0044215
0.0051584
0.0058954
0.0066323
0.0073692
0.0081061
0.008843
0.00958
0.010317
0.011054
0.011791
0.012528
0.013265
0.014001
0.014738
0.015475
0.016212
0.016949
0.03484
0.052731
0.070621
0.088512
0.1064
0.12429
0.14218
0.16008
0.17797
0.16186
0.14576
0.12966
0.11356
0.097458
0.081356
0.065254
0.049153
0.033051
0.016949
0.013559
0.010169
0.0067797
0.0033898
0
0
0
0
0
0
0
0
0
0
0
0
0
0
0
0
0
0
0
0
0
0
0
0
