0
0.592466
-0.0947343
0.191342
1
0.41742
0.353553
1.25529
0.866025
0.46194
1.31948
1.18279
0.5
1.18279
1.31948
0.46194
0.866025
1.25529
0.353553
0.41742
1
0.191342
-0.0947343
0.592466
-0
-0.592466
0.0947343
-0.191342
-1
-0.41742
-0.353553
-1.25529
-0.866025
-0.46194
-1.31948
-1.18279
-0.5
-1.18279
-1.31948
-0.46194
-0.866025
-1.25529
-0.353553
-0.41742
-1
-0.191342
0.0947343
-0.592466
0
0.592466
-0.0947343
0.191342
1
0.41742
0.353553
1.25529
0.866025
0.46194
1.31948
1.18279
0.5
1.18279
1.31948
0.46194
0.866025
1.25529
0.353553
0.41742
1
0.191342
-0.0947343
0.592466
0
-0.592466
0.0947343
-0.191342
-1
-0.41742
-0.353553
-1.25529
-0.866025
-0.46194
-1.31948
-1.18279
-0.5
-1.18279
-1.31948
-0.46194
-0.866025
-1.25529
-0.353553
-0.41742
-1
-0.191342
0.0947343
-0.592466
0
0.592466
-0.0947343
0.191342
1
0.41742
0.353553
1.25529
0.866025
0.46194
1.31948
1.18279
0.5
1.18279
1.31948
0.46194
0.866025
1.25529
0.353553
0.41742
1
0.191342
-0.0947343
0.592466
0
-0.592466
0.0947343
-0.191342
-1
-0.41742
-0.353553
-1.25529
-0.866025
-0.46194
-1.31948
-1.18279
-0.5
-1.18279
-1.31948
-0.46194
-0.866025
-1.25529
-0.353553
-0.41742
-1
-0.191342
0.0947343
-0.592466
-0
0.592466
-0.0947343
0.191342
1
0.41742
0.353553
1.25529
0.866025
0.46194
1.31948
1.18279
0.5
1.18279
1.31948
0.46194
0.866025
1.25529
0.353553
0.41742
1
0.191342
-0.0947343
0.592466
-0
-0.592466
0.0947343
-0.191342
-1
-0.41742
-0.353553
-1.25529
-0.866025
-0.46194
-1.31948
-1.18279
-0.5
-1.18279
-1.31948
-0.46194
-0.866025
-1.25529
-0.353553
-0.41742
-1
-0.191342
0.0947343
-0.592466
0
0.592466
-0.0947343
0.191342
1
0.41742
0.353553
1.25529
0.866025
0.46194
1.31948
1.18279
0.5
1.18279
1.31948
0.46194
0.866025
1.25529
0.353553
0.41742
1
0.191342
-0.0947343
0.592466
0
-0.592466
0.0947343
-0.191342
-1
-0.41742
-0.353553
-1.25529
-0.866025
-0.46194
-1.31948
-1.18279
-0.5
-1.18279
-1.31948
-0.46194
-0.866025
-1.25529
-0.353553
-0.41742
-1
-0.191342
0.0947343
-0.592466
-0
0.592466
-0.0947343
0.191342
1
0.41742
0.353553
1.25529
0.866025
0.46194
1.31948
1.18279
0.5
1.18279
1.31948
0.46194
0.866025
1.25529
0.353553
0.41742
1
0.191342
-0.0947343
0.592466
0
-0.592466
0.0947343
-0.191342
-1
-0.41742
-0.353553
-1.25529
-0.866025
-0.46194
-1.31948
-1.18279
-0.5
-1.18279
-1.31948
-0.46194
-0.866025
-1.25529
-0.353553
-0.41742
-1
-0.191342
0.0947343
-0.592466
-0
0.592466
-0.0947343
0.191342
1
0.41742
0.353553
1.25529
0.866025
0.46194
1.31948
1.18279
0.5
1.18279
1.31948
0.46194
0.866025
1.25529
0.353553
0.41742
1
0.191342
-0.0947343
0.592466
0
-0.592466
0.0947343
-0.191342
-1
-0.41742
-0.353553
-1.25529
