-9.02055112090467
-10.2656112681238
-10.5483727200571
-10.0962679550524
-11.3806708657954
-10.7283710382697
-8.11399799406707
-12.9413858928248
-9.01997890766783
-11.1917500279714
-10.4379818592414
-8.63354073770089
-10.8726522526464
-9.91067296594165
-9.75234463406981
-9.59300726061387
-9.35193363878654
-10.1644798551934
-9.18848539128562
-9.59165061009454
-11.2900885767889
-9.03628968055122
-9.34744670650928
-10.4108399074752
-11.7696157832849
-9.56052298183514
-9.50481852092811
-9.31538341029334
-10.3958493801697
-9.95098269224249
-10.3721677425524
-9.74303723330723
-9.18927392862230
-10.3401382971225
-11.3186387206149
-12.1091724577295
-9.69344328129775
-10.7888152471414
-10.5037063531368
-8.44678078997735
-9.67920024119114
-10.1926759459927
-8.44214928571334
-9.94336787273798
-11.2243644520761
-9.93484485566068
-11.0947729175285
-11.0694118270443
-9.78342696458437
-10.7726342636285
-10.8308569492226
-9.03802443834485
-10.9459684080865
-9.08033900512370
-11.1389537495574
-9.40656012411693
-10.6337482736939
-10.9260176238195
-8.77199711060692
-9.54499038428410
-10.6307998849327
-11.3989376970802
-10.3817515890516
-8.25363986659106
-10.1241566029182
-9.83763215053063
-9.25117090238883
-10.0506775996254
-9.77020130292906
-9.52575159115500
-10.3814928402126
-12.2377646121231
-10.1202743429863
-11.7820695759678
-9.75356549353137
-11.0563022001941
-8.86420489043177
-10.7337842185963
-9.88685850817187
-9.61697041804290
-9.52897815136609
-7.56451641657658
-8.82435934134716
-9.33830779711990
-8.45672177439583
-10.7119061941504
-10.5273787211359
-10.2419972366739
-10.3132003292152
-9.30556596361205
-11.9236287763333
-8.94513040142689
-10.3988890361746
-10.0982716822879
-10.8813888906871
-10.8872358871086
-9.23492242601576
-10.4377399574757
-11.1167221088380
-10.8502766799427
10.4085673706333
8.66210771454003
10.1580915936573
10.3612609664008
9.52740694808146
10.5421426076537
9.27043783209750
11.1477846779955
9.82260580428917
11.1170725110482
9.62818307793945
10.3287856398260
11.5867723890539
8.54907462038836
11.0281037003755
8.79421706066409
8.11865150187250
10.8620108120504
9.73091687268177
9.51164073185346
10.0389611293435
11.8410562484505
10.5331439723210
8.74297726561424
8.71095004284518
8.91972663037512
11.3226705176714
9.16296224030061
9.42774659262813
10.0656729705903
10.0641270339240
10.5449475757056
9.72863845666099
9.88621293902257
9.77202619214334
8.88298327674042
8.30561893682177
11.7321604201910
10.1033468235128
9.69485014622936
11.7471174320351
10.1380038281671
10.6795713117529
10.1656082999366
11.3903077801771
10.2871192481792
10.1074939929178
10.4086512219077
10.9281061987509
9.04534604386919
10.0906069855352
9.46953242888554
11.9888140517502
10.8292886428458
8.94607803981593
11.4519163139809
9.07238674091795
10.7677420281640
9.33634899963344
12.2909803240427
10.2514925821884
10.7111753186936
9.31876817424566
11.0462106180219
8.49778727330550
10.0662186738507
9.68764618810961
10.0911816488617
9.61104824232642
10.2325136052772
11.4076277063795
8.54843210424736
9.78792335665052
9.66146613704191
9.30708594467511
10.7226489877207
8.51238699405501
10.2867078895531
9.78494712843719
9.45378377920912
9.75626036104933
10.5743656850161
9.42348302550253
10.4927568216909
9.47999329389221
9.00618416205185
12.0018140777996
10.2589189506382
11.1793527316513
8.99538393086032
12.2477743611222
8.93121708290353
8.55808275616010
10.6971867527343
10.3342286094069
10.4247134038666
10.4610802542261
10.8997227445879
11.5597851948448
10.5895904617122
