-0.0018225230     
-0.0015879294    
0.0000000000     
+0.0036977508     
+0.0080754303     
+0.0085302217     
0.0000000000     
-0.0173976984    
 -0.0341458607     
 -0.0333591565    
 0.0000000000     
 +0.0676308395     
 +0.1522061835     
 +0.2229246956     
 +0.2504960933     
 +0.2229246956    
 +0.1522061835     
 +0.0676308395    
 0.0000000000     
 -0.0333591565     
 -0.0341458607     
 -0.0173976984     
 0.0000000000     
 +0.0085302217    
 +0.0080754303     
 +0.0036977508    
 0.0000000000     
 -0.0015879294     
 -0.0018225230
